   0.0000000e+00  -3.3041137e-04  -2.0205455e-01  -7.5430804e-02
   1.6666667e-02  -2.8340655e-03  -1.9831724e-01  -7.2036763e-02
   3.3333333e-02  -1.8604958e-03  -1.9469948e-01  -7.1456846e-02
   5.0000000e-02  -3.0468614e-03  -1.9101976e-01  -6.9133499e-02
   6.6666667e-02  -1.9728643e-03  -1.8766923e-01  -6.8733670e-02
   8.3333333e-02  -1.2529301e-03  -1.8442755e-01  -6.8092641e-02
   1.0000000e-01  -2.7790255e-03  -1.8101435e-01  -6.5598568e-02
   1.1666667e-01  -2.4816570e-03  -1.7774050e-01  -6.4608946e-02
   1.3333333e-01  -6.0494235e-03  -1.7451551e-01  -6.0559349e-02
   1.5000000e-01  -8.6665266e-03  -1.7149728e-01  -5.7344338e-02
   1.6666667e-01  -9.2955851e-03  -1.6860873e-01  -5.5761231e-02
   1.8333333e-01  -7.6694453e-03  -1.6560916e-01  -5.5932621e-02
   2.0000000e-01  -9.7937578e-03  -1.6256457e-01  -5.3100205e-02
   2.1666667e-01  -1.2011384e-02  -1.5993195e-01  -5.0347802e-02
   2.3333333e-01  -1.2612715e-02  -1.5705898e-01  -4.8792612e-02
   2.5000000e-01  -1.3149917e-02  -1.5440499e-01  -4.7370533e-02
   2.6666667e-01  -1.2427881e-02  -1.5198235e-01  -4.7038004e-02
   2.8333333e-01  -1.0136969e-02  -1.4928198e-01  -4.7850922e-02
   3.0000000e-01  -1.1394573e-02  -1.4686878e-01  -4.5945302e-02
   3.1666667e-01  -1.1996663e-02  -1.4450368e-01  -4.4579769e-02
   3.3333333e-01  -1.3708969e-02  -1.4201577e-01  -4.2284027e-02
   3.5000000e-01  -1.5772802e-02  -1.3980025e-01  -3.9810363e-02
   3.6666667e-01  -1.5615642e-02  -1.3755764e-01  -3.9095401e-02
   3.8333333e-01  -1.4143377e-02  -1.3551683e-01  -3.9503411e-02
   4.0000000e-01  -1.3922775e-02  -1.3336940e-01  -3.8874629e-02
   4.1666667e-01  -1.3356654e-02  -1.3145649e-01  -3.8608884e-02
   4.3333333e-01  -1.1839932e-02  -1.2935283e-01  -3.9028759e-02
   4.5000000e-01  -1.2673655e-02  -1.2746227e-01  -3.7656518e-02
   4.6666667e-01  -1.0470335e-02  -1.2538499e-01  -3.8633098e-02
   4.8333333e-01  -8.5317177e-03  -1.2365148e-01  -3.9527645e-02
   5.0000000e-01  -8.0584205e-03  -1.2182730e-01  -3.9221212e-02
   5.1666667e-01  -5.7655270e-03  -1.1978507e-01  -4.0282258e-02
   5.3333333e-01  -5.3086524e-03  -1.1771889e-01  -3.9872085e-02
   5.5000000e-01  -5.1068302e-03  -1.1579027e-01  -3.9310320e-02
   5.6666667e-01  -6.5843948e-03  -1.1385997e-01  -3.7410425e-02
   5.8333333e-01  -8.9672565e-03  -1.1224523e-01  -3.4907745e-02
   6.0000000e-01  -1.0481366e-02  -1.1052015e-01  -3.3055625e-02
   6.1666667e-01  -8.2895234e-03  -1.0903827e-01  -3.4246110e-02
   6.3333333e-01  -5.8894632e-03  -1.0755901e-01  -3.5603407e-02
   6.5000000e-01  -5.3360265e-03  -1.0584852e-01  -3.5403393e-02
   6.6666667e-01  -5.1450620e-03  -1.0446824e-01  -3.5038399e-02
   6.8333333e-01  -3.2706106e-03  -1.0312071e-01  -3.6026436e-02
   7.0000000e-01  -4.2243608e-03  -1.0183318e-01  -3.4784512e-02
   7.1666667e-01  -2.2099159e-03  -1.0054880e-01  -3.5907704e-02
   7.3333333e-01  -2.3817060e-03  -9.9075849e-02  -3.5219088e-02
   7.5000000e-01  -1.9323355e-03  -9.7510391e-02  -3.4990523e-02
   7.6666667e-01  -1.4426623e-03  -9.6336811e-02  -3.4940861e-02
   7.8333333e-01  -3.3897685e-03  -9.5048677e-02  -3.2907581e-02
   8.0000000e-01  -3.0580828e-03  -9.3930292e-02  -3.2752772e-02
   8.1666667e-01  -5.0854630e-03  -9.2810863e-02  -3.0718761e-02
   8.3333333e-01  -7.2901787e-03  -9.1486609e-02  -2.8466784e-02
   8.5000000e-01  -7.5745764e-03  -9.0302516e-02  -2.7796697e-02
   8.6666667e-01  -8.0811519e-03  -8.9290037e-02  -2.7013953e-02
   8.8333333e-01  -7.8393012e-03  -8.8337023e-02  -2.6849549e-02
   9.0000000e-01  -1.0164618e-02  -8.7412117e-02  -2.4651128e-02
   9.1666667e-01  -9.2521015e-03  -8.6309965e-02  -2.4964985e-02
   9.3333333e-01  -9.7379550e-03  -8.5522820e-02  -2.4283160e-02
   9.5000000e-01  -1.1341498e-02  -8.4493965e-02  -2.2620633e-02
   9.6666667e-01  -9.7792218e-03  -8.3865154e-02  -2.3629297e-02
   9.8333333e-01  -9.6980163e-03  -8.3211369e-02  -2.3449049e-02
   1.0000000e+00  -9.3566251e-03  -8.2597850e-02  -2.3491103e-02
   1.0166667e+00  -1.1711124e-02  -8.1820957e-02  -2.1324889e-02
   1.0333333e+00  -1.0122831e-02  -8.0924894e-02  -2.2254155e-02
   1.0500000e+00  -1.1472858e-02  -8.0162588e-02  -2.0893389e-02
   1.0666667e+00  -1.1050220e-02  -7.9603041e-02  -2.1020368e-02
   1.0833333e+00  -1.2650788e-02  -7.9003579e-02  -1.9521071e-02
   1.1000000e+00  -1.2990000e-02  -7.8252517e-02  -1.8969551e-02
   1.1166667e+00  -1.1532314e-02  -7.7535945e-02  -1.9862040e-02
   1.1333333e+00  -9.2346414e-03  -7.6947415e-02  -2.1471480e-02
   1.1500000e+00  -1.0400577e-02  -7.6183638e-02  -2.0256776e-02
   1.1666667e+00  -1.0079102e-02  -7.5477972e-02  -2.0248448e-02
   1.1833333e+00  -8.9053523e-03  -7.4822869e-02  -2.0937832e-02
   1.2000000e+00  -7.6138480e-03  -7.4349900e-02  -2.1789229e-02
   1.2166667e+00  -7.3503508e-03  -7.3908179e-02  -2.1833606e-02
   1.2333333e+00  -6.7863022e-03  -7.3166776e-02  -2.2005081e-02
   1.2500000e+00  -8.4582071e-03  -7.2448044e-02  -2.0404288e-02
   1.2666667e+00  -8.7681682e-03  -7.1913046e-02  -1.9957007e-02
   1.2833333e+00  -1.0639409e-02  -7.1489992e-02  -1.8308226e-02
   1.3000000e+00  -9.9714323e-03  -7.1144220e-02  -1.8710683e-02
   1.3166667e+00  -1.1266541e-02  -7.0675507e-02  -1.7503640e-02
   1.3333333e+00  -9.4718588e-03  -7.0347520e-02  -1.8810093e-02
   1.3500000e+00  -1.0660965e-02  -6.9742279e-02  -1.7636327e-02
   1.3666667e+00  -9.7570454e-03  -6.9370379e-02  -1.8216907e-02
   1.3833333e+00  -7.7185082e-03  -6.8981756e-02  -1.9694855e-02
   1.4000000e+00  -6.8355129e-03  -6.8456121e-02  -2.0201177e-02
   1.4166667e+00  -7.5771779e-03  -6.8039434e-02  -1.9454399e-02
   1.4333333e+00  -5.6147355e-03  -6.7691040e-02  -2.0886815e-02
   1.4500000e+00  -4.3751098e-03  -6.7169734e-02  -2.1678787e-02
   1.4666667e+00  -3.3291407e-03  -6.6538666e-02  -2.2275407e-02
   1.4833333e+00  -3.9030805e-03  -6.5901701e-02  -2.1579688e-02
   1.5000000e+00  -4.8106239e-03  -6.5345296e-02  -2.0648460e-02
   1.5166667e+00  -3.7534166e-03  -6.5081493e-02  -2.1391617e-02
   1.5333333e+00  -5.6574115e-03  -6.4806243e-02  -1.9772120e-02
   1.5500000e+00  -6.0916129e-03  -6.4329832e-02  -1.9247839e-02
   1.5666667e+00  -4.0845159e-03  -6.4049601e-02  -2.0741353e-02
   1.5833333e+00  -2.6219693e-03  -6.3549495e-02  -2.1718806e-02
   1.6000000e+00  -3.7528172e-03  -6.3166799e-02  -2.0674809e-02
   1.6166667e+00  -3.0885537e-03  -6.2988282e-02  -2.1136966e-02
   1.6333333e+00  -2.7604226e-03  -6.2758106e-02  -2.1312068e-02
   1.6500000e+00  -5.4726039e-03  -6.2358118e-02  -1.9002185e-02
   1.6666667e+00  -3.9577889e-03  -6.2179982e-02  -2.0141882e-02
   1.6833333e+00  -3.2252962e-03  -6.1819168e-02  -2.0590086e-02
   1.7000000e+00  -4.3576679e-03  -6.1377243e-02  -1.9522687e-02
   1.7166667e+00  -6.6385053e-03  -6.1294753e-02  -1.7675276e-02
   1.7333333e+00  -5.0634018e-03  -6.1093968e-02  -1.8854504e-02
   1.7500000e+00  -5.8588903e-03  -6.0768454e-02  -1.8099016e-02
   1.7666667e+00  -8.1374944e-03  -6.0409656e-02  -1.6149873e-02
   1.7833333e+00  -7.4896968e-03  -6.0409383e-02  -1.6665691e-02
   1.8000000e+00  -7.3907186e-03  -6.0434361e-02  -1.6753877e-02
   1.8166667e+00  -8.8572707e-03  -6.0442562e-02  -1.5588955e-02
   1.8333333e+00  -7.4972125e-03  -6.0517672e-02  -1.6700273e-02
   1.8500000e+00  -5.7819432e-03  -6.0387652e-02  -1.8017641e-02
   1.8666667e+00  -5.9404035e-03  -6.0272910e-02  -1.7848456e-02
   1.8833333e+00  -7.4226338e-03  -6.0029548e-02  -1.6576807e-02
   1.9000000e+00  -9.3470247e-03  -6.0010938e-02  -1.5037209e-02
   1.9166667e+00  -7.1375798e-03  -6.0125039e-02  -1.6839603e-02
   1.9333333e+00  -8.4322749e-03  -6.0130059e-02  -1.5810361e-02
   1.9500000e+00  -9.7087918e-03  -5.9925776e-02  -1.4717186e-02
   1.9666667e+00  -7.2624505e-03  -5.9774327e-02  -1.6608769e-02
   1.9833333e+00  -5.4284831e-03  -5.9543072e-02  -1.7982747e-02
   2.0000000e+00  -5.4656016e-03  -5.9243608e-02  -1.7840999e-02
   2.0166667e+00  -7.9814694e-03  -5.9201287e-02  -1.5821454e-02
   2.0333333e+00  -1.0439978e-02  -5.9077521e-02  -1.3817080e-02
   2.0500000e+00  -1.2050598e-02  -5.9242148e-02  -1.2596021e-02
   2.0666667e+00  -1.2914508e-02  -5.9166630e-02  -1.1879693e-02
   2.0833333e+00  -1.3879573e-02  -5.9286463e-02  -1.1155987e-02
   2.1000000e+00  -1.4358496e-02  -5.9551331e-02  -1.0873788e-02
   2.1166667e+00  -1.3202184e-02  -5.9794569e-02  -1.1885821e-02
   2.1333333e+00  -1.1560456e-02  -5.9886476e-02  -1.3227759e-02
   2.1500000e+00  -1.3599231e-02  -6.0067887e-02  -1.1671995e-02
   2.1666667e+00  -1.3883691e-02  -6.0154396e-02  -1.1477854e-02
   2.1833333e+00  -1.3936994e-02  -6.0126330e-02  -1.1424888e-02
   2.2000000e+00  -1.4030780e-02  -6.0192220e-02  -1.1374878e-02
   2.2166667e+00  -1.2061087e-02  -6.0249190e-02  -1.2964926e-02
   2.2333333e+00  -1.3161807e-02  -6.0091397e-02  -1.2029176e-02
   2.2500000e+00  -1.3767130e-02  -6.0036741e-02  -1.1526609e-02
   2.2666667e+00  -1.5125829e-02  -6.0261833e-02  -1.0528837e-02
   2.2833333e+00  -1.5899219e-02  -6.0314676e-02  -9.9326884e-03
   2.3000000e+00  -1.3337021e-02  -6.0635933e-02  -1.2093628e-02
   2.3166667e+00  -1.2772983e-02  -6.0506076e-02  -1.2494192e-02
   2.3333333e+00  -1.1358100e-02  -6.0583811e-02  -1.3650156e-02
   2.3500000e+00  -1.2628665e-02  -6.0695908e-02  -1.2680245e-02
   2.3666667e+00  -1.0838791e-02  -6.0577568e-02  -1.4061406e-02
   2.3833333e+00  -9.8654135e-03  -6.0371755e-02  -1.4759523e-02
   2.4000000e+00  -7.4626331e-03  -6.0466233e-02  -1.6708542e-02
   2.4166667e+00  -5.3569300e-03  -6.0505687e-02  -1.8400349e-02
   2.4333333e+00  -5.6527718e-03  -6.0387559e-02  -1.8120481e-02
   2.4500000e+00  -6.2162395e-03  -6.0040820e-02  -1.7541828e-02
   2.4666667e+00  -6.7499606e-03  -5.9872502e-02  -1.7053705e-02
   2.4833333e+00  -4.7376701e-03  -5.9517664e-02  -1.8523407e-02
   2.5000000e+00  -6.5511893e-03  -5.9415667e-02  -1.7040871e-02
   2.5166667e+00  -4.3618877e-03  -5.9177768e-02  -1.8695356e-02
   2.5333333e+00  -3.4525321e-03  -5.8867235e-02  -1.9303253e-02
   2.5500000e+00  -2.2151360e-03  -5.8643796e-02  -2.0205037e-02
   2.5666667e+00  -4.9783147e-03  -5.8266023e-02  -1.7862861e-02
   2.5833333e+00  -5.5151036e-03  -5.7979343e-02  -1.7327954e-02
   2.6000000e+00  -6.6936255e-03  -5.7688624e-02  -1.6280445e-02
   2.6166667e+00  -5.0770459e-03  -5.7536535e-02  -1.7510947e-02
   2.6333333e+00  -5.4743338e-03  -5.7447763e-02  -1.7161283e-02
   2.6500000e+00  -6.9450911e-03  -5.7262633e-02  -1.5920587e-02
   2.6666667e+00  -9.5345265e-03  -5.7285026e-02  -1.3866694e-02
   2.6833333e+00  -1.1305277e-02  -5.7111871e-02  -1.2391563e-02
   2.7000000e+00  -1.1925756e-02  -5.7043981e-02  -1.1871967e-02
   2.7166667e+00  -9.6064862e-03  -5.7079899e-02  -1.3732539e-02
   2.7333333e+00  -7.7449215e-03  -5.7060041e-02  -1.5207689e-02
   2.7500000e+00  -9.2244150e-03  -5.6860999e-02  -1.3954824e-02
   2.7666667e+00  -1.0491902e-02  -5.7081324e-02  -1.3027908e-02
   2.7833333e+00  -1.2275082e-02  -5.7337046e-02  -1.1703544e-02
   2.8000000e+00  -9.6834508e-03  -5.7489658e-02  -1.3824747e-02
   2.8166667e+00  -1.0227483e-02  -5.7605830e-02  -1.3434989e-02
   2.8333333e+00  -9.9155428e-03  -5.7781187e-02  -1.3749117e-02
   2.8500000e+00  -1.1400094e-02  -5.7679587e-02  -1.2528727e-02
   2.8666667e+00  -1.3101807e-02  -5.7768503e-02  -1.1206756e-02
   2.8833333e+00  -1.1101576e-02  -5.8010232e-02  -1.2890340e-02
   2.9000000e+00  -1.1582973e-02  -5.8211557e-02  -1.2582365e-02
   2.9166667e+00  -1.2149516e-02  -5.8322668e-02  -1.2172783e-02
   2.9333333e+00  -1.2389377e-02  -5.8581111e-02  -1.2078571e-02
   2.9500000e+00  -1.1737174e-02  -5.8530536e-02  -1.2579053e-02
   2.9666667e+00  -1.0709497e-02  -5.8449957e-02  -1.3367330e-02
   2.9833333e+00  -1.0431758e-02  -5.8637495e-02  -1.3658783e-02
   3.0000000e+00  -9.9283612e-03  -5.8812227e-02  -1.4125157e-02
   3.0166667e+00  -9.1817643e-03  -5.8623938e-02  -1.4649226e-02
   3.0333333e+00  -1.0039157e-02  -5.8767936e-02  -1.4020325e-02
   3.0500000e+00  -1.1308781e-02  -5.8759146e-02  -1.3005877e-02
   3.0666667e+00  -1.2548523e-02  -5.8847642e-02  -1.2051672e-02
   3.0833333e+00  -1.3000015e-02  -5.8882499e-02  -1.1705152e-02
   3.1000000e+00  -1.3006324e-02  -5.8828639e-02  -1.1679950e-02
   3.1166667e+00  -1.2930371e-02  -5.8775651e-02  -1.1720590e-02
   3.1333333e+00  -1.4786054e-02  -5.8841026e-02  -1.0267176e-02
   3.1500000e+00  -1.2685005e-02  -5.9160505e-02  -1.2060180e-02
   3.1666667e+00  -1.4575241e-02  -5.9324386e-02  -1.0616149e-02
   3.1833333e+00  -1.4241735e-02  -5.9460293e-02  -1.0932674e-02
   3.2000000e+00  -1.5922556e-02  -5.9750449e-02  -9.7027305e-03
   3.2166667e+00  -1.4197318e-02  -5.9939326e-02  -1.1147504e-02
   3.2333333e+00  -1.4467664e-02  -6.0038260e-02  -1.0969257e-02
   3.2500000e+00  -1.4842290e-02  -6.0142899e-02  -1.0710098e-02
   3.2666667e+00  -1.4310185e-02  -6.0377768e-02  -1.1221864e-02
   3.2833333e+00  -1.6108512e-02  -6.0506405e-02  -9.8378287e-03
   3.3000000e+00  -1.3675350e-02  -6.0615240e-02  -1.1816422e-02
   3.3166667e+00  -1.2489314e-02  -6.0634132e-02  -1.2768085e-02
   3.3333333e+00  -1.3290414e-02  -6.0513521e-02  -1.2084888e-02
   3.3500000e+00  -1.2089222e-02  -6.0419273e-02  -1.3006236e-02
   3.3666667e+00  -1.4142473e-02  -6.0502429e-02  -1.1402134e-02
   3.3833333e+00  -1.3001692e-02  -6.0595187e-02  -1.2345425e-02
   3.4000000e+00  -1.3580100e-02  -6.0723721e-02  -1.1932921e-02
   3.4166667e+00  -1.2603461e-02  -6.0635825e-02  -1.2677809e-02
   3.4333333e+00  -1.3123057e-02  -6.0462364e-02  -1.2199010e-02
   3.4500000e+00  -1.0559947e-02  -6.0565162e-02  -1.4278836e-02
   3.4666667e+00  -1.2642988e-02  -6.0402833e-02  -1.2559045e-02
   3.4833333e+00  -1.4688471e-02  -6.0405388e-02  -1.0930936e-02
   3.5000000e+00  -1.4757817e-02  -6.0439492e-02  -1.0888483e-02
   3.5166667e+00  -1.2618929e-02  -6.0510711e-02  -1.2618620e-02
   3.5333333e+00  -1.3119473e-02  -6.0552755e-02  -1.2235726e-02
   3.5500000e+00  -1.2459878e-02  -6.0740147e-02  -1.2831243e-02
   3.5666667e+00  -1.3108540e-02  -6.0616813e-02  -1.2268432e-02
   3.5833333e+00  -1.0367350e-02  -6.0508879e-02  -1.4411139e-02
   3.6000000e+00  -1.0290505e-02  -6.0560167e-02  -1.4491554e-02
   3.6166667e+00  -1.1741408e-02  -6.0485916e-02  -1.3308208e-02
   3.6333333e+00  -9.4028508e-03  -6.0323798e-02  -1.5109952e-02
   3.6500000e+00  -1.1198822e-02  -6.0147157e-02  -1.3613429e-02
   3.6666667e+00  -1.1112226e-02  -5.9977136e-02  -1.3618702e-02
   3.6833333e+00  -9.8615014e-03  -5.9803600e-02  -1.4549796e-02
   3.7000000e+00  -1.1792683e-02  -5.9645237e-02  -1.2952435e-02
   3.7166667e+00  -1.0265579e-02  -5.9761311e-02  -1.4212137e-02
   3.7333333e+00  -1.0240638e-02  -5.9686303e-02  -1.4203901e-02
   3.7500000e+00  -9.4597369e-03  -5.9642787e-02  -1.4809525e-02
   3.7666667e+00  -7.6356798e-03  -5.9537837e-02  -1.6222927e-02
   3.7833333e+00  -7.6572764e-03  -5.9450026e-02  -1.6172831e-02
   3.8000000e+00  -6.6908082e-03  -5.9528862e-02  -1.6972081e-02
   3.8166667e+00  -8.8799229e-03  -5.9305698e-02  -1.5145021e-02
   3.8333333e+00  -1.0128651e-02  -5.9255675e-02  -1.4131767e-02
   3.8500000e+00  -8.1091303e-03  -5.9195202e-02  -1.5717502e-02
   3.8666667e+00  -7.5044996e-03  -5.9001319e-02  -1.6126411e-02
   3.8833333e+00  -5.2161215e-03  -5.8712735e-02  -1.7840814e-02
   3.9000000e+00  -6.9756523e-03  -5.8398677e-02  -1.6321833e-02
   3.9166667e+00  -5.9249735e-03  -5.8157938e-02  -1.7068431e-02
   3.9333333e+00  -6.1985737e-03  -5.7875902e-02  -1.6744873e-02
   3.9500000e+00  -5.6066537e-03  -5.7615724e-02  -1.7118822e-02
   3.9666667e+00  -5.9125168e-03  -5.7405134e-02  -1.6796335e-02
   3.9833333e+00  -3.7522563e-03  -5.7201911e-02  -1.8440681e-02
   4.0000000e+00  -3.1070328e-03  -5.7218690e-02  -1.8960836e-02
   4.0166667e+00  -1.1226348e-03  -5.7045337e-02  -2.0476312e-02
   4.0333333e+00  -3.7611912e-03  -5.6969270e-02  -1.8346413e-02
   4.0500000e+00  -4.2923289e-03  -5.6763355e-02  -1.7846263e-02
   4.0666667e+00  -4.9626976e-03  -5.6766362e-02  -1.7313494e-02
   4.0833333e+00  -4.0897488e-03  -5.6823269e-02  -1.8030047e-02
   4.1000000e+00  -2.4018102e-03  -5.6771238e-02  -1.9354866e-02
   4.1166667e+00  -2.2696549e-03  -5.6715359e-02  -1.9439184e-02
   4.1333333e+00  -1.6553003e-03  -5.6586742e-02  -1.9880286e-02
   4.1500000e+00  -3.5943511e-03  -5.6581487e-02  -1.8334016e-02
   4.1666667e+00  -3.4764183e-03  -5.6399182e-02  -1.8359645e-02
   4.1833333e+00  -5.6985302e-03  -5.6197196e-02  -1.6514239e-02
   4.2000000e+00  -5.3560452e-03  -5.6226633e-02  -1.6798029e-02
   4.2166667e+00  -7.4539422e-03  -5.6130265e-02  -1.5091117e-02
   4.2333333e+00  -9.0051845e-03  -5.6218049e-02  -1.3888561e-02
   4.2500000e+00  -8.1019404e-03  -5.6084564e-02  -1.4557917e-02
   4.2666667e+00  -7.5615896e-03  -5.6211832e-02  -1.5035941e-02
   4.2833333e+00  -8.5478593e-03  -5.6287680e-02  -1.4278869e-02
   4.3000000e+00  -6.8436166e-03  -5.6454062e-02  -1.5698495e-02
   4.3166667e+00  -9.0254092e-03  -5.6274826e-02  -1.3893723e-02
   4.3333333e+00  -9.4278590e-03  -5.6167129e-02  -1.3532858e-02
   4.3500000e+00  -9.4111047e-03  -5.6198867e-02  -1.3558091e-02
   4.3666667e+00  -8.1206688e-03  -5.6443686e-02  -1.4677536e-02
   4.3833333e+00  -9.7255448e-03  -5.6606303e-02  -1.3460299e-02
   4.4000000e+00  -1.1057754e-02  -5.6762126e-02  -1.2457674e-02
   4.4166667e+00  -1.0239864e-02  -5.6788379e-02  -1.3118893e-02
   4.4333333e+00  -1.1651168e-02  -5.6686773e-02  -1.1956837e-02
   4.4500000e+00  -1.0286931e-02  -5.6795260e-02  -1.3083986e-02
   4.4666667e+00  -9.3521528e-03  -5.6851502e-02  -1.3849533e-02
   4.4833333e+00  -6.9288792e-03  -5.7039480e-02  -1.5849900e-02
   4.5000000e+00  -8.5531389e-03  -5.7157005e-02  -1.4600333e-02
   4.5166667e+00  -7.1351512e-03  -5.7344652e-02  -1.5799945e-02
   4.5333333e+00  -5.8711709e-03  -5.7426489e-02  -1.6837264e-02
   4.5500000e+00  -8.3781259e-03  -5.7387005e-02  -1.4825880e-02
   4.5666667e+00  -8.6847553e-03  -5.7403793e-02  -1.4587963e-02
   4.5833333e+00  -9.9293550e-03  -5.7575907e-02  -1.3661214e-02
   4.6000000e+00  -1.0729983e-02  -5.7722940e-02  -1.3078658e-02
   4.6166667e+00  -1.1997588e-02  -5.7751597e-02  -1.2079846e-02
   4.6333333e+00  -1.3062721e-02  -5.7862501e-02  -1.1273099e-02
   4.6500000e+00  -1.3535395e-02  -5.8134049e-02  -1.0998379e-02
   4.6666667e+00  -1.5471511e-02  -5.8341017e-02  -9.5339492e-03
   4.6833333e+00  -1.4653444e-02  -5.8451083e-02  -1.0226708e-02
   4.7000000e+00  -1.3079877e-02  -5.8678920e-02  -1.1565283e-02
   4.7166667e+00  -1.2949577e-02  -5.8885162e-02  -1.1746320e-02
   4.7333333e+00  -1.0491110e-02  -5.8904070e-02  -1.3711379e-02
   4.7500000e+00  -1.2009284e-02  -5.8998771e-02  -1.2537750e-02
   4.7666667e+00  -9.9012517e-03  -5.8847437e-02  -1.4159939e-02
   4.7833333e+00  -9.1835752e-03  -5.8755249e-02  -1.4696976e-02
   4.8000000e+00  -9.8151418e-03  -5.8826103e-02  -1.4220526e-02
   4.8166667e+00  -1.0628960e-02  -5.8868936e-02  -1.3588430e-02
   4.8333333e+00  -1.2659691e-02  -5.9055782e-02  -1.2041109e-02
   4.8500000e+00  -1.1666774e-02  -5.9021495e-02  -1.2819045e-02
   4.8666667e+00  -1.0795050e-02  -5.8891648e-02  -1.3464661e-02
   4.8833333e+00  -9.5692701e-03  -5.9074124e-02  -1.4509258e-02
   4.9000000e+00  -9.0135473e-03  -5.8848404e-02  -1.4867287e-02
   4.9166667e+00  -9.4686633e-03  -5.8938779e-02  -1.4538680e-02
   4.9333333e+00  -8.2112428e-03  -5.9068508e-02  -1.5588716e-02
   4.9500000e+00  -5.8493914e-03  -5.9174411e-02  -1.7509418e-02
   4.9666667e+00  -6.3276770e-03  -5.8920834e-02  -1.7033506e-02
   4.9833333e+00  -5.8758347e-03  -5.8770244e-02  -1.7336948e-02
   5.0000000e+00  -5.9878954e-03  -5.8765259e-02  -1.7245834e-02
