   0.0000000e+00  -2.7821456e+00  -5.4403117e-01   1.0948304e-01
   1.0000000e-01  -6.8274756e-01  -5.6704486e-01  -4.1952437e-01
   2.0000000e-01  -3.3993031e-01  -4.9826584e-01  -4.3121998e-01
   3.0000000e-01  -3.2020838e-01  -4.3632112e-01  -3.7218559e-01
   4.0000000e-01  -2.6409596e-01  -3.7940620e-01  -3.2708909e-01
   5.0000000e-01  -2.1818515e-01  -3.2899328e-01  -2.8623190e-01
   6.0000000e-01  -1.7906619e-01  -2.8345177e-01  -2.4875581e-01
   7.0000000e-01  -1.4133485e-01  -2.4159965e-01  -2.1474449e-01
   8.0000000e-01  -1.0695798e-01  -2.0424918e-01  -1.8456090e-01
   9.0000000e-01  -7.3348960e-02  -1.6986302e-01  -1.5724469e-01
   1.0000000e+00  -5.0291861e-02  -1.4024540e-01  -1.3229863e-01
   1.1000000e+00  -2.9095957e-02  -1.1304622e-01  -1.0939474e-01
   1.2000000e+00  -5.3033492e-03  -8.9425313e-02  -9.0800213e-02
   1.3000000e+00   1.1027946e-02  -6.8382312e-02  -7.3064141e-02
   1.4000000e+00   1.7639664e-02  -5.0186505e-02  -5.5920242e-02
   1.5000000e+00   3.1635507e-02  -3.4596312e-02  -4.3236522e-02
   1.6000000e+00   3.1074985e-02  -2.2535660e-02  -3.0683368e-02
   1.7000000e+00   2.5714715e-02  -1.3325205e-02  -1.9909649e-02
   1.8000000e+00   2.1742846e-02  -7.0237344e-03  -1.2465343e-02
   1.9000000e+00   1.9174231e-02  -3.0855182e-03  -7.7921131e-03
   2.0000000e+00   1.9380260e-02   1.7287564e-04  -4.4867006e-03
   2.1000000e+00   7.8262919e-03   1.6299400e-03  -2.0547104e-04
   2.2000000e+00   3.0462762e-03   1.7898196e-03   1.1096674e-03
   2.3000000e+00  -3.9950673e-04   1.2420286e-03   1.3750123e-03
   2.4000000e+00  -8.9769054e-03  -4.3880938e-04   1.7088627e-03
   2.5000000e+00   2.4729212e-03  -2.8115256e-04  -8.8470444e-04
   2.6000000e+00   4.8232863e-03   9.2106616e-04  -2.1255849e-04
   2.7000000e+00  -4.7716836e-03   4.9217863e-04   1.6552843e-03
   2.8000000e+00  -8.6369240e-03  -3.2593770e-04   1.7432496e-03
   2.9000000e+00   9.4058766e-04   3.0742940e-04   9.0151117e-05
   3.0000000e+00  -4.9415126e-03  -1.6115959e-04   1.0234519e-03
   3.1000000e+00   1.8364599e-03   3.0388863e-04  -1.2912524e-04
   3.2000000e+00   7.7960778e-03   1.9474006e-03   1.2867433e-04
   3.3000000e+00   1.8845850e-03   2.7574066e-03   2.3855539e-03
   3.4000000e+00  -3.6592341e-03   3.1174191e-03   4.0906015e-03
   3.5000000e+00  -8.3370611e-03   2.8775444e-03   4.9695371e-03
   3.6000000e+00  -1.1891235e-02   8.5166841e-04   3.7390620e-03
   3.7000000e+00  -2.1023764e-03   1.2492778e-03   1.7923460e-03
   3.8000000e+00   6.9031828e-05   1.4513656e-03   1.4777818e-03
   3.9000000e+00  -2.8729240e-03   2.2871637e-03   3.0464701e-03
   4.0000000e+00  -9.8652255e-03   1.2489743e-03   3.6605005e-03
   4.1000000e+00  -6.1310059e-03   5.3782112e-04   2.0294600e-03
   4.2000000e+00  -4.1621861e-03   8.1662910e-04   1.8426524e-03
   4.3000000e+00  -4.9199549e-03   1.0308523e-03   2.2456171e-03
   4.4000000e+00  -7.4824660e-03   9.9098287e-04   2.8213452e-03
   4.5000000e+00  -6.8216129e-03   4.1026677e-04   2.0643484e-03
   4.6000000e+00  -6.7170109e-03   1.8011206e-04   1.8021928e-03
   4.7000000e+00  -3.9054942e-03   9.9567084e-04   1.9652185e-03
   4.8000000e+00  -4.9780496e-03   1.5856222e-03   2.8308184e-03
   4.9000000e+00  -8.4989411e-03   3.0094507e-04   2.3555073e-03
   5.0000000e+00  -1.1486218e-03   1.2076796e-03   1.5199519e-03
